#Name              :  UGC 2855 
#Alpha(1950 (H M S):  03 43 16 
#Delta(1950)(d ' "):  +69 58 46 
#Type              :  SBc 
#Activity          :          
#Interaction       :    
#Position angle (d): 112 
#Inclination (d)   :    61    
#Distance (Mpc)    :  28.77     
#Scale radius (kpc):   4.6    
#
#    R(kpc)    V(km/s)  
     0.00000     0.00000
     0.05000    25.00000
     0.10000    48.09375
     0.15000    67.37500
     0.20000    82.81250
     0.25000    94.37500
     0.30000   103.09375
     0.35000   110.00000
     0.40000   115.50000
     0.45000   120.00000
     0.50000   123.65625
     0.55000   126.62500
     0.60000   129.09375
     0.65000   131.25000
     0.70000   133.15625
     0.75000   134.87500
     0.80000   136.37500
     0.85000   137.62500
     0.90000   138.62500
     0.95000   139.37500
     1.00000   139.93750
     1.05000   140.37500
     1.10000   140.75000
     1.15000   141.12500
     1.20000   141.54688
     1.25000   142.06250
     1.30000   142.62500
     1.35000   143.18750
     1.40000   143.78125
     1.45000   144.44794
     1.50000   145.10925
     1.55000   145.75911
     1.60000   146.39186
     1.65000   147.00446
     1.70000   147.59787
     1.75000   148.17635
     1.80000   148.74474
     1.85000   149.30621
     1.90000   149.86124
     1.95000   150.40816
     2.00000   150.94495
     2.05000   151.47067
     2.10000   151.98642
     2.15000   152.49464
     2.20000   152.99825
     2.25000   153.49959
     2.30000   154.00027
     2.35000   154.50185
     2.40000   155.00703
     2.45000   155.52144
     2.50000   156.05434
     2.55000   156.61726
     2.60000   157.22025
     2.65000   157.86728
     2.70000   158.55438
     2.75000   159.27164
     2.80000   160.00774
     2.85000   160.75400
     2.90000   161.50581
     2.95000   162.26178
     3.00000   163.02203
     3.05000   163.78673
     3.10000   164.55544
     3.15000   165.32724
     3.20000   166.10138
     3.25000   166.87852
     3.30000   167.66269
     3.35000   168.46359
     3.40000   169.29781
     3.45000   170.18610
     3.50000   171.14644
     3.55000   172.18610
     3.60000   173.29781
     3.65000   174.46352
     3.70000   175.66208
     3.75000   176.87556
     3.80000   178.09013
     3.85000   179.29292
     3.90000   180.46851
     3.95000   181.59909
     4.00000   182.66963
     4.05000   183.67409
     4.10000   184.61848
     4.15000   185.51784
     4.20000   186.38947
     4.25000   187.24722
     4.30000   188.09943
     4.35000   188.94992
     4.40000   189.79999
     4.45000   190.64999
     4.50000   191.50000
     4.55000   192.35001
     4.60000   193.20000
     4.65000   194.05000
     4.70000   194.89999
     4.75000   195.75000
     4.80000   196.60001
     4.85000   197.45000
     4.90000   198.30000
     4.95000   199.14999
