#Name              :  NGC 4321 
#Alpha(1950 (H M S):  12 20 23 
#Delta(1950)(d ' "):  +16 05 58 
#Type              :  Sc  
#Activity          :          
#Interaction       :    
#Position angle (d): 146 
#Inclination (d)   :    27    
#Distance (Mpc)    :  15        
#Scale radius (kpc):          
#
#    R(kpc)    V(km/s)  
     0.00000     0.00000
     0.05000    78.70994
     0.10000   141.40150
     0.15000   177.06824
     0.20000   195.16521
     0.25000   207.19550
     0.30000   214.31360
     0.35000   218.27988
     0.40000   220.99469
     0.45000   222.25912
     0.50000   222.60556
     0.55000   222.70000
     0.60000   222.54305
     0.65000   222.11984
     0.70000   221.62750
     0.75000   221.07156
     0.80000   220.28511
     0.85000   219.42763
     0.90000   218.74484
     0.95000   218.19511
     1.00000   217.49448
     1.05000   216.47128
     1.10000   215.27934
     1.15000   214.18282
     1.20000   213.43645
     1.25000   213.07042
     1.30000   212.84123
     1.35000   212.61578
     1.40000   212.44423
     1.45000   212.47227
     1.50000   212.54083
     1.55000   212.68248
     1.60000   212.91547
     1.65000   213.24141
     1.70000   213.64886
     1.75000   214.12090
     1.80000   214.64209
     1.85000   215.20180
     1.90000   215.79326
     1.95000   216.41138
     2.00000   217.05038
     2.05000   217.70248
     2.10000   218.35706
     2.15000   218.99977
     2.20000   219.61182
     2.25000   220.16949
     2.30000   220.64740
     2.35000   221.02634
     2.40000   221.30351
     2.45000   221.49818
     2.50000   221.64700
     2.55000   221.79065
     2.60000   221.95905
     2.65000   222.16344
     2.70000   222.39809
     2.75000   222.64903
     2.80000   222.90372
     2.85000   223.15619
     2.90000   223.40721
     2.95000   223.66060
     3.00000   223.91939
     3.05000   224.18394
     3.10000   224.45267
     3.15000   224.72495
     3.20000   225.00452
     3.25000   225.30128
     3.30000   225.62959
     3.35000   226.00259
     3.40000   226.42564
     3.45000   226.89288
     3.50000   227.39043
     3.55000   227.90437
     3.60000   228.42915
     3.65000   228.97092
     3.70000   229.54347
     3.75000   230.15860
     3.80000   230.81602
     3.85000   231.49983
     3.90000   232.18417
     3.95000   232.84496
     4.00000   233.46979
     4.05000   234.06042
     4.10000   234.62753
     4.15000   235.18263
     4.20000   235.73228
     4.25000   236.27687
     4.30000   236.81326
     4.35000   237.33890
     4.40000   237.85478
     4.45000   238.36543
     4.50000   238.87579
     4.55000   239.38643
     4.60000   239.88994
     4.65000   240.37166
     4.70000   240.81523
     4.75000   241.21024
     4.80000   241.55717
     4.85000   241.86642
     4.90000   242.15250
     4.95000   242.42757
     5.00000   242.69781
     5.05000   242.96344
     5.10000   243.22070
     5.15000   243.46384
     5.20000   243.68596
     5.25000   243.88000
     5.30000   244.04120
     5.35000   244.17110
     5.40000   244.28056
     5.45000   244.38776
     5.50000   244.51064
     5.55000   244.65781
     5.60000   244.82350
     5.65000   244.99023
     5.70000   245.13742
     5.75000   245.25041
     5.80000   245.32532
     5.85000   245.36784
     5.90000   245.38828
     5.95000   245.39645
     6.00000   245.39912
     6.05000   245.39983
     6.10000   245.39996
     6.15000   245.39999
     6.20000   245.39999
     6.25000   245.39999
     6.30000   245.40002
     6.35000   245.40018
     6.40000   245.40099
     6.45000   245.40398
     6.50000   245.41281
     6.55000   245.43422
     6.60000   245.47775
     6.65000   245.55360
     6.70000   245.66895
     6.75000   245.82541
     6.80000   246.01936
     6.85000   246.24504
     6.90000   246.49847
     6.95000   246.77982
     7.00000   247.09322
     7.05000   247.44511
     7.10000   247.84270
     7.15000   248.29343
     7.20000   248.80536
     7.25000   249.38539
     7.30000   250.03439
     7.35000   250.74181
     7.40000   251.48531
     7.45000   252.23808
     7.50000   252.98035
     7.55000   253.70732
     7.60000   254.42842
     7.65000   255.15788
     7.70000   255.90254
     7.75000   256.65381
     7.80000   257.38943
     7.85000   258.08441
     7.90000   258.72476
     7.95000   259.31546
     8.00000   259.87741
     8.05000   260.43570
     8.10000   261.00677
     8.15000   261.59146
     8.20000   262.17752
     8.25000   262.74829
     8.30000   263.29272
     8.35000   263.80988
     8.40000   264.30692
     8.45000   264.79245
     8.50000   265.27005
     8.55000   265.73566
     8.60000   266.17990
     8.65000   266.59354
     8.70000   266.97278
     8.75000   267.32120
     8.80000   267.64728
     8.85000   267.95978
     8.90000   268.26404
     8.95000   268.56097
     9.00000   268.84937
     9.05000   269.13013
     9.10000   269.41028
     9.15000   269.70395
     9.20000   270.02762
     9.25000   270.39005
     9.30000   270.78214
     9.35000   271.17444
     9.40000   271.52686
     9.45000   271.80557
     9.50000   271.99701
     9.55000   272.10974
     9.60000   272.16599
     9.65000   272.18939
     9.70000   272.19733
     9.75000   272.19949
     9.80000   272.19992
     9.85000   272.19995
     9.90000   272.19968
     9.95000   272.19843
    10.00000   272.19397
    10.05000   272.18134
    10.10000   272.15192
    10.15000   272.09451
    10.20000   271.99847
    10.25000   271.85806
    10.30000   271.67490
    10.35000   271.45743
    10.40000   271.21829
    10.45000   270.97244
    10.50000   270.73645
    10.55000   270.52756
    10.60000   270.35995
    10.65000   270.24051
    10.70000   270.16626
    10.75000   270.12671
    10.80000   270.10901
    10.85000   270.10242
    10.90000   270.10022
    10.95000   270.09845
    11.00000   270.09360
    11.05000   270.08014
    11.10000   270.04892
    11.15000   269.98895
    11.20000   269.89197
    11.25000   269.75885
    11.30000   269.60287
    11.35000   269.44641
    11.40000   269.31210
    11.45000   269.21353
    11.50000   269.15158
    11.55000   269.11670
    11.60000   269.09402
    11.65000   269.06750
    11.70000   269.02158
    11.75000   268.94312
    11.80000   268.82465
    11.85000   268.66748
    11.90000   268.48196
    11.95000   268.28403
    12.00000   268.08923
    12.05000   267.90802
    12.10000   267.74417
    12.15000   267.59634
    12.20000   267.46063
    12.25000   267.33246
    12.30000   267.20761
    12.35000   267.08273
    12.40000   266.95572
    12.45000   266.82629
    12.50000   266.69601
    12.55000   266.56766
    12.60000   266.44479
    12.65000   266.33121
    12.70000   266.23123
    12.75000   266.14883
    12.80000   266.08676
    12.85000   266.04492
    12.90000   266.02026
    12.95000   266.00778
    13.00000   266.00250
    13.05000   266.00064
    13.10000   266.00012
    13.15000   266.00003
    13.20000   266.00000
    13.25000   266.00000
    13.30000   266.00000
    13.35000   266.00000
    13.40000   266.00000
    13.45000   266.00000
    13.50000   266.00000
    13.55000   266.00000
    13.60000   266.00000
    13.65000   266.00000
    13.70000   266.00000
    13.75000   266.00000
    13.80000   266.00000
    13.85000   266.00000
    13.90000   266.00000
    13.95000   266.00000
    14.00000   266.00006
    14.05000   266.00040
    14.10000   266.00195
    14.15000   266.00739
    14.20000   266.02267
    14.25000   266.05759
    14.30000   266.12399
    14.35000   266.23099
    14.40000   266.37906
    14.45000   266.55765
    14.50000   266.74860
    14.55000   266.93393
    14.60000   267.10300
    14.65000   267.25473
    14.70000   267.39523
    14.75000   267.53351
    14.80000   267.67825
    14.85000   267.83609
    14.90000   268.01059
    14.95000   268.20071
    15.00000   268.39941
    15.05000   268.59439
    15.10000   268.77304
    15.15000   268.93021
    15.20000   269.07489
    15.25000   269.22964
    15.30000   269.42072
    15.35000   269.66333
    15.40000   269.95078
    15.45000   270.25473
    15.50000   270.53687
    15.55000   270.76505
    15.60000   270.92477
    15.65000   271.02066
    15.70000   271.06949
    15.75000   271.09027
    15.80000   271.09750
    15.85000   271.09952
    15.90000   271.09995
    15.95000   271.10001
    16.00000   271.10001
    16.05000   271.10001
    16.10000   271.10001
    16.15000   271.10001
    16.20000   271.10001
    16.25000   271.10001
    16.30000   271.10001
    16.35000   271.09998
    16.40000   271.09976
    16.45000   271.09879
    16.50000   271.09531
    16.55000   271.08542
    16.60000   271.06219
    16.65000   271.01627
    16.70000   270.93808
    16.75000   270.82071
    16.80000   270.66232
    16.85000   270.46649
    16.90000   270.24179
    16.95000   270.00156
    17.00000   269.76328
    17.05000   269.54553
    17.10000   269.36185
    17.15000   269.21402
    17.20000   269.09030
    17.25000   268.97141
    17.30000   268.84265
    17.35000   268.70493
    17.40000   268.57791
    17.45000   268.49078
    17.50000   268.46527
    17.55000   268.49939
    17.60000   268.56375
    17.65000   268.61386
    17.70000   268.61160
    17.75000   268.54211
    17.80000   268.41638
    17.85000   268.26041
    17.90000   268.09995
    17.95000   267.94989
    18.00000   267.81235
    18.05000   267.68195
    18.10000   267.55310
    18.15000   267.42532
    18.20000   267.30432
    18.25000   267.19904
    18.30000   267.11703
    18.35000   267.06100
    18.40000   267.02863
    18.45000   267.01556
    18.50000   267.01962
    18.55000   267.04422
    18.60000   267.09821
    18.65000   267.19238
    18.70000   267.33353
    18.75000   267.52020
    18.80000   267.74225
    18.85000   267.98438
    18.90000   268.23074
    18.95000   268.46735
    19.00000   268.68323
    19.05000   268.87122
    19.10000   269.03033
    19.15000   269.16696
    19.20000   269.29358
    19.25000   269.42441
    19.30000   269.57068
    19.35000   269.73871
    19.40000   269.93051
    19.45000   270.14536
    19.50000   270.38049
    19.55000   270.63083
    19.60000   270.88928
    19.65000   271.14725
    19.70000   271.39496
    19.75000   271.62152
    19.80000   271.81558
    19.85000   271.96793
    19.90000   272.07507
    19.95000   272.14120
    20.00000   272.17630
    20.05000   272.19199
    20.10000   272.19757
    20.15000   272.19827
    20.20000   272.19498
    20.25000   272.18430
    20.30000   272.15866
    20.35000   272.10733
    20.40000   272.01904
    20.45000   271.88617
    20.50000   271.70703
    20.55000   271.48541
    20.60000   271.22742
    20.65000   270.93848
    20.70000   270.62189
    20.75000   270.27972
    20.80000   269.91437
    20.85000   269.53058
    20.90000   269.13638
    20.95000   268.74271
    21.00000   268.36108
    21.05000   268.00024
    21.10000   267.66348
    21.15000   267.34818
    21.20000   267.04712
    21.25000   266.74994
    21.30000   266.44412
    21.35000   266.11649
    21.40000   265.75714
    21.45000   265.36496
    21.50000   264.95117
    21.55000   264.53653
    21.60000   264.14120
    21.65000   263.77231
    21.70000   263.41721
    21.75000   263.04742
    21.80000   262.63242
    21.85000   262.15555
    21.90000   261.62381
    21.95000   261.06580
    22.00000   260.51874
    22.05000   260.01163
    22.10000   259.55338
    22.15000   259.13193
    22.20000   258.72354
    22.25000   258.30478
    22.30000   257.86072
    22.35000   257.38602
    22.40000   256.88214
    22.45000   256.35510
    22.50000   255.81435
    22.55000   255.27171
    22.60000   254.73801
    22.65000   254.21848
    22.70000   253.71051
    22.75000   253.20502
    22.80000   252.69186
    22.85000   252.16566
    22.90000   251.62926
    22.95000   251.09239
    23.00000   250.56737
    23.05000   250.06444
    23.10000   249.58980
    23.15000   249.14639
    23.20000   248.73540
    23.25000   248.35680
    23.30000   248.00874
    23.35000   247.68684
    23.40000   247.38338
    23.45000   247.08643
    23.50000   246.77975
    23.55000   246.44505
    23.60000   246.06747
    23.65000   245.64191
    23.70000   245.17592
    23.75000   244.68649
    23.80000   244.19308
    23.85000   243.71165
    23.90000   243.25298
    23.95000   242.82474
    24.00000   242.43423
    24.05000   242.08983
    24.10000   241.79962
    24.15000   241.56778
    24.20000   241.38893
    24.25000   241.24332
    24.30000   241.09737
    24.35000   240.91275
    24.40000   240.66147
    24.45000   240.33879
    24.50000   239.96529
    24.55000   239.57571
    24.60000   239.20203
    24.65000   238.86105
    24.70000   238.55328
    24.75000   238.27074
    24.80000   238.00703
    24.85000   237.76358
    24.90000   237.54901
    24.95000   237.37283
    25.00000   237.23721
    25.05000   237.13196
    25.10000   237.03647
    25.15000   236.92856
    25.20000   236.79536
    25.25000   236.64014
    25.30000   236.48041
    25.35000   236.33867
    25.40000   236.23120
    25.45000   236.16179
    25.50000   236.12277
    25.55000   236.10001
