#Name              :  NGC 5907 
#Alpha(1950 (H M S):  15 14 36 
#Delta(1950)(d ' "):  +56 30 45 
#Type              :  Sc  
#Activity          :          
#Interaction       :    
#Position angle (d): 156 
#Inclination (d)   :    88    
#Distance (Mpc)    :  11.6      
#Scale radius (kpc):   6.0    
#
#    R(kpc)    V(km/s)  
     0.00000     0.00000
     0.05000    86.91554
     0.10000   138.39238
     0.15000   158.46539
     0.20000   167.22105
     0.25000   174.10645
     0.30000   180.18394
     0.35000   184.86166
     0.40000   188.08180
     0.45000   190.12688
     0.50000   191.45306
     0.55000   192.67850
     0.60000   193.98677
     0.65000   195.10274
     0.70000   195.89345
     0.75000   196.45235
     0.80000   196.87289
     0.85000   197.18871
     0.90000   197.51268
     0.95000   197.91713
     1.00000   198.21918
     1.05000   198.35896
     1.10000   198.50563
     1.15000   198.69614
     1.20000   198.88664
     1.25000   199.09534
     1.30000   199.37335
     1.35000   199.73552
     1.40000   200.13068
     1.45000   200.50999
     1.50000   200.88805
     1.55000   201.26585
     1.60000   201.64787
     1.65000   202.04153
     1.70000   202.45496
     1.75000   202.89458
     1.80000   203.36391
     1.85000   203.86456
     1.90000   204.39818
     1.95000   204.96776
     2.00000   205.57787
     2.05000   206.23415
     2.10000   206.94237
     2.15000   207.70612
     2.20000   208.52322
     2.25000   209.38303
     2.30000   210.26703
     2.35000   211.15369
     2.40000   212.02444
     2.45000   212.86778
     2.50000   213.67924
     2.55000   214.45822
     2.60000   215.20445
     2.65000   215.91612
     2.70000   216.58977
     2.75000   217.22079
     2.80000   217.80469
     2.85000   218.33859
     2.90000   218.82262
     2.95000   219.25970
     3.00000   219.65385
     3.05000   220.00877
     3.10000   220.32828
     3.15000   220.61803
     3.20000   220.88638
     3.25000   221.14282
     3.30000   221.39507
     3.35000   221.64665
     3.40000   221.89619
     3.45000   222.13878
     3.50000   222.36888
     3.55000   222.58324
     3.60000   222.78242
     3.65000   222.97046
     3.70000   223.15276
     3.75000   223.33405
     3.80000   223.51727
     3.85000   223.70351
     3.90000   223.89262
     3.95000   224.08412
     4.00000   224.27736
     4.05000   224.47179
     4.10000   224.66690
     4.15000   224.86272
     4.20000   225.06078
     4.25000   225.26558
     4.30000   225.48573
     4.35000   225.73289
     4.40000   226.01797
     4.45000   226.34547
     4.50000   226.70949
     4.55000   227.09425
     4.60000   227.47981
     4.65000   227.84901
     4.70000   228.19173
     4.75000   228.50449
     4.80000   228.78773
     4.85000   229.04410
     4.90000   229.27924
     4.95000   229.50423
     5.00000   229.73610
     5.05000   229.99469
     5.10000   230.29649
     5.15000   230.64899
     5.20000   231.04878
     5.25000   231.48489
     5.30000   231.94373
     5.35000   232.41286
     5.40000   232.88168
     5.45000   233.34079
     5.50000   233.78209
     5.55000   234.20071
     5.60000   234.59721
     5.65000   234.97820
     5.70000   235.35422
     5.75000   235.73590
     5.80000   236.12997
     5.85000   236.53757
     5.90000   236.95493
     5.95000   237.37617
     6.00000   237.79657
     6.05000   238.21448
     6.10000   238.63173
     6.15000   239.05228
     6.20000   239.48010
     6.25000   239.91710
     6.30000   240.36220
     6.35000   240.81163
     6.40000   241.26044
     6.45000   241.70432
     6.50000   242.14067
     6.55000   242.56892
     6.60000   242.98984
     6.65000   243.40472
     6.70000   243.81493
     6.75000   244.22168
     6.80000   244.62608
     6.85000   245.02875
     6.90000   245.42937
     6.95000   245.82605
     7.00000   246.21500
     7.05000   246.59087
     7.10000   246.94882
     7.15000   247.28699
     7.20000   247.60844
     7.25000   247.92078
     7.30000   248.23283
     7.35000   248.55061
     7.40000   248.87372
     7.45000   249.19501
     7.50000   249.50296
     7.55000   249.78664
     7.60000   250.04033
     7.65000   250.26599
     7.70000   250.47205
     7.75000   250.66975
     7.80000   250.86969
     7.85000   251.07986
     7.90000   251.30594
     7.95000   251.55171
     8.00000   251.81868
     8.05000   252.10458
     8.10000   252.40228
     8.15000   252.70049
     8.20000   252.98669
     8.25000   253.25047
     8.30000   253.48523
     8.35000   253.68752
     8.40000   253.85548
     8.45000   253.98854
     8.50000   254.08945
     8.55000   254.16672
     8.60000   254.23434
     8.65000   254.30782
     8.70000   254.39790
     8.75000   254.50620
     8.80000   254.62474
     8.85000   254.73999
     8.90000   254.83926
     8.95000   254.91672
     9.00000   254.97620
     9.05000   255.03004
     9.10000   255.09378
     9.15000   255.17906
     9.20000   255.28792
     9.25000   255.41141
     9.30000   255.53358
     9.35000   255.63942
     9.40000   255.72240
     9.45000   255.78784
     9.50000   255.85040
     9.55000   255.92708
     9.60000   256.02884
     9.65000   256.15518
     9.70000   256.29379
     9.75000   256.42615
     9.80000   256.53546
     9.85000   256.61319
     9.90000   256.66046
     9.95000   256.68497
    10.00000   256.69638
    10.05000   256.70364
    10.10000   256.71490
    10.15000   256.73877
    10.20000   256.78467
    10.25000   256.86057
    10.30000   256.96985
    10.35000   257.10941
    10.40000   257.27072
    10.45000   257.44348
    10.50000   257.61874
    10.55000   257.79053
    10.60000   257.95499
    10.65000   258.10962
    10.70000   258.25275
    10.75000   258.38406
    10.80000   258.50488
    10.85000   258.61774
    10.90000   258.72562
    10.95000   258.83163
    11.00000   258.93890
    11.05000   259.05103
    11.10000   259.17169
    11.15000   259.30353
    11.20000   259.44727
    11.25000   259.60141
    11.30000   259.76303
    11.35000   259.92908
    11.40000   260.09735
    11.45000   260.26657
    11.50000   260.43631
    11.55000   260.60666
    11.60000   260.77808
    11.65000   260.95135
    11.70000   261.12775
    11.75000   261.30887
    11.80000   261.49594
    11.85000   261.68918
    11.90000   261.88715
    11.95000   262.08685
    12.00000   262.28473
    12.05000   262.47791
    12.10000   262.66559
    12.15000   262.84943
    12.20000   263.03271
    12.25000   263.21835
    12.30000   263.40652
    12.35000   263.59247
    12.40000   263.76654
    12.45000   263.91721
    12.50000   264.03619
    12.55000   264.12332
    12.60000   264.18799
    12.65000   264.24628
    12.70000   264.31506
    12.75000   264.40619
    12.80000   264.52386
    12.85000   264.66577
    12.90000   264.82571
    12.95000   264.99634
    13.00000   265.16956
    13.05000   265.33572
    13.10000   265.48419
    13.15000   265.60596
    13.20000   265.69794
    13.25000   265.76575
    13.30000   265.82324
    13.35000   265.88791
    13.40000   265.97467
    13.45000   266.09113
    13.50000   266.23645
    13.55000   266.40381
    13.60000   266.58405
    13.65000   266.76788
    13.70000   266.94601
    13.75000   267.10873
    13.80000   267.24677
    13.85000   267.35440
    13.90000   267.43307
    13.95000   267.49255
    14.00000   267.54800
    14.05000   267.61469
    14.10000   267.70190
    14.15000   267.80930
    14.20000   267.92755
    14.25000   268.04218
    14.30000   268.13950
    14.35000   268.21140
    14.40000   268.25723
    14.45000   268.28195
    14.50000   268.29205
    14.55000   268.29172
    14.60000   268.28046
    14.65000   268.25305
    14.70000   268.20193
    14.75000   268.12192
    14.80000   268.01492
    14.85000   267.89182
    14.90000   267.76944
    14.95000   267.66351
    15.00000   267.58167
    15.05000   267.52017
    15.10000   267.46609
    15.15000   267.40289
    15.20000   267.31616
    15.25000   267.19632
    15.30000   267.03769
    15.35000   266.83624
    15.40000   266.58884
    15.45000   266.29550
    15.50000   265.96185
    15.55000   265.59949
    15.60000   265.22299
    15.65000   264.84595
    15.70000   264.47925
    15.75000   264.13138
    15.80000   263.80948
    15.85000   263.51840
    15.90000   263.25760
    15.95000   263.01840
    16.00000   262.78436
    16.05000   262.53635
    16.10000   262.26010
    16.15000   261.95337
    16.20000   261.62766
    16.25000   261.30374
    16.30000   261.00256
    16.35000   260.73657
    16.40000   260.50681
    16.45000   260.30554
    16.50000   260.12198
    16.55000   259.94684
    16.60000   259.77380
    16.65000   259.59882
    16.70000   259.41888
    16.75000   259.23190
    16.80000   259.03738
    16.85000   258.83704
    16.90000   258.63474
    16.95000   258.43506
    17.00000   258.24158
    17.05000   258.05566
    17.10000   257.87662
    17.15000   257.70239
    17.20000   257.53067
    17.25000   257.35938
    17.30000   257.18643
    17.35000   257.00955
    17.40000   256.82639
    17.45000   256.63553
    17.50000   256.43747
    17.55000   256.23517
    17.60000   256.03323
    17.65000   255.83607
    17.70000   255.64635
    17.75000   255.46426
    17.80000   255.28816
    17.85000   255.11565
    17.90000   254.94446
    17.95000   254.77255
    18.00000   254.59785
    18.05000   254.41824
    18.10000   254.23244
    18.15000   254.04134
    18.20000   253.84929
    18.25000   253.66354
    18.30000   253.49181
    18.35000   253.33838
    18.40000   253.20111
    18.45000   253.07097
    18.50000   252.93478
    18.55000   252.78017
    18.60000   252.60011
    18.65000   252.39505
    18.70000   252.17140
    18.75000   251.93817
    18.80000   251.70360
    18.85000   251.47346
    18.90000   251.25125
    18.95000   251.03888
    19.00000   250.83720
    19.05000   250.64590
    19.10000   250.46339
    19.15000   250.28722
    19.20000   250.11469
    19.25000   249.94350
    19.30000   249.77158
    19.35000   249.59679
    19.40000   249.41682
    19.45000   249.22977
    19.50000   249.03516
    19.55000   248.83478
    19.60000   248.63246
    19.65000   248.43268
    19.70000   248.23875
    19.75000   248.05150
    19.80000   247.86919
    19.85000   247.68858
    19.90000   247.50653
    19.95000   247.32111
    20.00000   247.13205
    20.05000   246.94035
    20.10000   246.74754
    20.15000   246.55510
    20.20000   246.36411
    20.25000   246.17548
    20.30000   245.98990
    20.35000   245.80782
    20.40000   245.62897
    20.45000   245.45210
    20.50000   245.27534
    20.55000   245.09671
    20.60000   244.91519
    20.65000   244.73149
    20.70000   244.54800
    20.75000   244.36789
    20.80000   244.19353
    20.85000   244.02507
    20.90000   243.86002
    20.95000   243.69391
    21.00000   243.52243
    21.05000   243.34351
    21.10000   243.15909
    21.15000   242.97517
    21.20000   242.79953
    21.25000   242.63753
    21.30000   242.48727
    21.35000   242.33717
    21.40000   242.16835
    21.45000   241.96181
    21.50000   241.70721
    21.55000   241.40813
    21.60000   241.08064
    21.65000   240.74629
    21.70000   240.42307
    21.75000   240.11897
    21.80000   239.83018
    21.85000   239.54440
    21.90000   239.24750
    21.95000   238.93092
    22.00000   238.59679
    22.05000   238.25787
    22.10000   237.93256
    22.15000   237.63689
    22.20000   237.37810
    22.25000   237.15314
    22.30000   236.95195
    22.35000   236.76257
    22.40000   236.57454
    22.45000   236.37909
    22.50000   236.16788
    22.55000   235.93259
    22.60000   235.66730
    22.65000   235.37259
    22.70000   235.05798
    22.75000   234.74013
    22.80000   234.43683
    22.85000   234.16052
    22.90000   233.91476
    22.95000   233.69560
    23.00000   233.49567
    23.05000   233.30777
    23.10000   233.12633
    23.15000   232.94698
    23.20000   232.76573
    23.25000   232.57906
    23.30000   232.38460
    23.35000   232.18190
    23.40000   231.97243
    23.45000   231.75861
    23.50000   231.54240
    23.55000   231.32414
    23.60000   231.10194
    23.65000   230.87230
    23.70000   230.63156
    23.75000   230.37811
    23.80000   230.11398
    23.85000   229.84515
    23.90000   229.58020
    23.95000   229.32797
    24.00000   229.09592
    24.05000   228.88943
    24.10000   228.71217
    24.15000   228.56543
    24.20000   228.44661
    24.25000   228.34737
    24.30000   228.25395
    24.35000   228.15045
    24.40000   228.02422
    24.45000   227.87067
    24.50000   227.69485
    24.55000   227.50900
    24.60000   227.32695
    24.65000   227.15843
    24.70000   227.00571
    24.75000   226.86375
    24.80000   226.72379
    24.85000   226.57802
    24.90000   226.42366
    24.95000   226.26399
    25.00000   226.10667
    25.05000   225.96005
    25.10000   225.82957
    25.15000   225.71564
    25.20000   225.61417
    25.25000   225.51874
    25.30000   225.42326
    25.35000   225.32320
    25.40000   225.21555
    25.45000   225.09834
    25.50000   224.97073
    25.55000   224.83414
    25.60000   224.69360
    25.65000   224.55779
    25.70000   224.43665
    25.75000   224.33708
    25.80000   224.25867
    25.85000   224.19212
    25.90000   224.12247
    25.95000   224.03564
    26.00000   223.92545
    26.05000   223.79651
    26.10000   223.66235
    26.15000   223.53915
    26.20000   223.43843
    26.25000   223.36211
    26.30000   223.30153
    26.35000   223.24109
    26.40000   223.16444
    26.45000   223.06081
    26.50000   222.92804
    26.55000   222.77187
    26.60000   222.60211
    26.65000   222.42899
    26.70000   222.26138
    26.75000   222.10722
    26.80000   221.97382
    26.85000   221.86646
    26.90000   221.78539
    26.95000   221.72334
    27.00000   221.66595
    27.05000   221.59621
    27.10000   221.50146
    27.15000   221.37959
    27.20000   221.24075
    27.25000   221.10307
    27.30000   220.98415
    27.35000   220.89279
    27.40000   220.82539
    27.45000   220.76851
    27.50000   220.70560
    27.55000   220.62448
    27.60000   220.52226
    27.65000   220.40591
    27.70000   220.28851
    27.75000   220.18323
    27.80000   220.09708
    27.85000   220.02757
    27.90000   219.96400
    27.95000   219.89268
    28.00000   219.80379
    28.05000   219.69611
    28.10000   219.57777
    28.15000   219.46234
    28.20000   219.36252
    28.25000   219.28407
    28.30000   219.22272
    28.35000   219.16510
    28.40000   219.09386
    28.45000   218.99429
    28.50000   218.86005
    28.55000   218.69518
    28.60000   218.51262
